0
1953
1975
2008
2211
2215
2345
2384
2398
2486
2488
2560
2563
2566
2567
2667
2978
2978
2979
3003
3015
3037
3037
3037
3059
3069
3080
3099
3099
3211
3219
3227
3234
3242
3249
3256
3263
3270
3276
3283
3290
3296
3302
3308
3310
3312
3314
3313
3315
3315
3317
3317
3319
3319
3321
3327
3332
3338
3341
3341
3343
3344
3345
3349
3355
3360
3366
3371
3376
3381
3386
3392
3396
3401
3402
3406
3411
3416
3420
3425
3462
3466
3475
3475
3475
3475
3475
3492
3496
3501
3502
3505
3507
3509
3513
3517
3520
3521
3522
3523
3525
3528
3532
3536
3537
3537
3540
3544
3544
3547
3551
3551
3575
3575
3575
3575
3575
3591
3592
3592
3641
3644
3647
3650
3653
3653
3653
3662
3691
3693
3696
3702
3702
3705
3707
3711
3713
3716
3719
3721
3724
3727
3732
3735
3737
3743
3743
3745
3760
3789
3791
3794
3796
3799
3801
3803
3806
3897
3899
3901
3903
3905
3907
3909
3911
3913
3915
3917
3919
3921
3945
3947
3949
3951
3953
3955
3956
3958
3960
3962
3964
3965
3967
3969
3971
3973
3974
3976
3978
3980
3981
3983
3985
4008
4008
4008
4008
4010
4011
4013
4015
4016
4018
4020
4021
4023
4025
4026
4028
4029
4031
4033
4034
4036
4037
4039
4041
4042
4044
4045
4047
4048
4050
4072
4073
4075
4076
4078
4078
4078
4078
4078
4078
4078
4078
4078
4079
4081
4082
4084
4085
4087
4088
4090
4091
4091
4091
4091
4091
4093
4094
4095
4097
4098
4100
4101
4103
4104
4105
4107
4107
4107
4107
4107
4107
4107
4107
4107
4107
4107
4107
4107
4107
4107
4107
4107
4107
4107
4107
4107
4107
4107
4107
4107
4107
4107
4107
4107