0
3829
4532
4944
5167
5235
7056
7460
7645
8803
9936
10076
10363
10443
10421
10595
10565
10700
11529
11558
11585
11588
11611
11622
11654
11682
11818
11839
11862
11891
11913
11940
11959
11981
12002
12008
12010
12023
12045
12058
12066
12085
12086
12101
12102
12122
12127
12133
12134
12138
12166
12169
12184
12201
12228
12243
12264
12287
12348
12381
12395
12404
12405
12407
12409
12411
12413
12415
12416
12418
12420
12421
12425
12427
12427
12429
12430
12870
12872
12873
12877
12916
12925
12925
12943
12967
12975
12976
12985
12994
13194
13202
13212
13220
13239
13239
13246
13254
13254
13254
13254
13254
13254
13254
13254
13254
13254
13254
13254
13254
13254
13254
13262
13775
13783
13789
13797
13805
13805
13811
13814
13819
13823
13824
13830
13833
13835
13842
13843
13850
13851
13856
13859
13862
13862
13866
13871
13873
13881
13883
13888
13892
13895
13900
13901
13906
13906
13906
13906
13906
13906
13910
13910
13910
13910
13910
13910
13910
13910
13910
13910
13910
13910
13911
13916
13917
13920
13926
13930
13930
13930
13930
13930
13930
13930
13930
13930
13933
13935
13939
13942
13944
13949
13954
13958
13960
13966
13970
13971
13977
13977
13977
13977
13983
13984
13985
13987
13992
13999
14001
14003
14003
14004
14004
14004
14004
14004
14004
14004
14004
14004
14004
14004
14004
14004
14008
14010
14014
14015
14017
14019
14023
14024
14028
14030
14034
14034
14039
14039
14048
14053
14056
14062
14066
14066
14071
14077
14078
14081
14087
14091
14096
14098
14100
14100
14100
14100
14100
14100
14100
14104
14109
14112
14116
14123
14130
14130
14130
14130
14130
14130
14130
14130
14130
14130
14130
14130
14130
14130
14130
14130
14130
14130
14130
14130
14130
14130
14130
14130
14130
14130
14130
14130
14130
14130
14130
14130
14130
