5
21
7
18
4
25
6
19
22
10
3
7
19
10
1
9
27
8
3
16
3
17
3
11
5
4
21
7
26
13
9
13
3
7
6
19
10
12
13
8
5
5
4
11
1
8
11
19
7
5
4
4
3
12
10
30
12
7
14
14
26
23
4
19
7
5
27
17
4
4
10
5
1
17
3
3
8
23
4
5
4
11
9
16
23
19
12
12
4
10
2
21
7
1
8
8
10
3
13
9
8
22
3
13
2
5
3
1
9
9
2
4
24
24
17
5
7
3
3
5
8
10
21
2
10
1
23
3
9
4
2
3
7
5
11
21
13
9
8
7
8
4
8
10
2
9
5
9
11
8
26
4
4
13
5
21
3
10
9
22
15
24
3
4
16
21
4
4
25
6
6
25
5
19
11
4
5
14
3
6
3
7
4
13
12
7
9
26
8
1
9
10
7
10
12
5
22
8
26
3
20
16
11
23
8
10
2
8
27
8
5
3
11
7
9
19
10
5
2
6
5
10
23
16
24
5
5
28
5
20
9
9
28
5
21
2
21
16
8
19
7
6
8
4
11
27
20
4
3
10
3
6
14
5
2
8
28
2
9
2
27
9
3
9
9
26
10
8
28
23
7
13
27
5
7
23
5
6
7
3
4
3
8
5
16
8
4
12
20
8
4
14
6
11
3
2
13
13
17
15
5
4
23
21
4
9
27
24
10
8
5
4
3
5
9
12
22
17
5
2
1
9
5
16
15
8
7
21
15
27
15
25
4
5
20
2
12
7
10
20
15
4
2
27
6
7
3
11
7
5
1
20
20
9
10
5
4
2
13
4
6
8
6
7
8
4
11
2
4
4
3
1
8
27
4
7
6
27
5
16
10
6
10
20
12
6
10
5
7
18
22
6
7
6
20
26
3
17
4
29
18
11
10
10
10
16
5
11
6
24
