41
137
90
23
27
56
53
26
66
115
58
73
82
56
32
78
27
137
34
55
27
33
93
57
90
29
113
58
74
23
112
26
67
36
22
78
90
55
20
54
27
87
67
130
123
104
20
42
71
39
18
21
19
30
33
114
13
15
36
111
22
18
21
14
30
124
119
112
90
117
40
32
20
94
96
20
36
58
19
27
20
29
42
28
39
20
56
14
17
91
29
129
117
101
17
29
15
14
19
15
24
96
18
20
35
36
12
18
27
40
41
88
36
25
18
35
42
20
123
26
57
26
46
80
56
77
53
37
46
21
96
29
41
32
37
24
33
94
30
21
67
35
101
23
20
20
54
39
47
36
20
120
97
48
57
38
87
21
21
21
34
113
29
57
16
21
18
57
26
31
120
27
11
30
35
97
38
17
11
96
23
36
124
96
30
41
135
90
115
14
41
122
14
26
30
29
61
37
21
20
37
34
26
20
33
96
48
29
122
20
32
42
61
32
22
42
89
57
42
24
60
53
82
60
20
42
39
61
32
50
78
96
35
27
41
61
73
20
123
96
83
63
51
21
25
97
17
42
18
90
17
17
21
23
17
24
19
112
90
92
39
91
17
53
36
22
10
20
33
12
41
114
17
63
20
20
42
19
26
21
36
18
75
32
118
85
17
20
32
23
20
29
22
96
34
100
76
23
29
22
42
33
14
58
26
32
23
77
99
22
69
21
64
33
124
51
12
32
28
83
21
25
63
38
25
24
15
37
23
32
18
14
29
49
44
20
88
110
12
29
20
52
11
78
13
23
96
19
12
34
78
21
18
12
18
21
39
112
88
16
42
121
98
26
30
41
114
36
45
104
18
85
63
112
56
23
12
103
15
11
12
64
112
14
106
15
36
55
20
18
30
29
20
112
88
10
20
16
124
17
46
25
30
107
97
121
13
26
44
32
107
97
41
76
16
32
115
63
96
82
